20
0 0 1 2 0.5 0.5
-2 -4 2 4 1 5
1 1 2 2 3 3
1 1 2 2 2 2
0 0 4 4 0 5
2 2 5 5 1 2
-3 -2 4 3 0 0
1 2 8 7 0 0
-3 -2 4 3 0 0
4 3 11 8 0 0
-3 -2 4 3 0 0
-1 3 1 4 0 0
-3 -2 4 3 0 0
-9 2 -2 7 0 0
-3 -2 4 3 0 0
-10 3 -3 8 0 0
-3 -2 4 3 0 0
-5 1 -3 2 0 0
-3 -2 4 3 0 0
-8 -4 -1 1 0 0
-3 -2 4 3 0 0
-10 -7 -3 -2 0 0
-3 -2 4 3 0 0
-1 -4 8 1 0 0
-3 -2 4 3 0 0
4 -7 11 -2 0 0
-3 -2 4 3 0 0
-1 0 1 1 0 0
-3 -2 4 3 0 0
-1 -3 1 -2 0 0
-3 -2 4 3 0 0
-8 4 -1 9 0 0
-3 -2 4 3 0 0
5 2 12 7 0 0
-3 -2 4 3 0 0
-11 -5 -4 0 0 0
-3 -2 4 3 0 0
2 -8 9 -3 0 0
-3 -2 4 3 0 0
-4 -3 5 4 0 0
